{
  "camera_angle_x": 0.6367420587927919,
  "frames": [
    {
      "file_path": "../slike\\frame_0041.jpg",
      "transform_matrix": [
        [
          0.9999106572335699,
          -4.5696449884170625e-06,
          0.013367031452375406,
          -0.03191673448227495
        ],
        [
          -0.0007401735926568617,
          0.9984467481981919,
          0.05570945301750061,
          -0.0077026419285817155
        ],
        [
          -0.013346523659109967,
          -0.05571436970454497,
          0.9983575408212441,
          -0.21782647463932944
        ],
        [
          0.0,
          0.0,
          0.0,
          1.0
        ]
      ]
    },
    {
      "file_path": "../slike\\frame_0042.jpg",
      "transform_matrix": [
        [
          0.9997147439371514,
          0.018398985233146765,
          0.015228529051292346,
          -0.024223441975650892
        ],
        [
          -0.019836528036733303,
          0.9947528188525723,
          0.1003660377832524,
          -0.011892350514105844
        ],
        [
          -0.01330198895366784,
          -0.10063948890595481,
          0.9948340315663837,
          -0.16760125654988128
        ],
        [
          0.0,
          0.0,
          0.0,
          1.0
        ]
      ]
    },
    {
      "file_path": "../slike\\frame_0047.jpg",
      "transform_matrix": [
        [
          0.9957337141365787,
          0.0009032284585229053,
          0.09226892602672802,
          -0.004989806051271514
        ],
        [
          -0.016500168980743565,
          0.9855778823238118,
          0.16841609868928054,
          -0.03547884370851787
        ],
        [
          -0.09078609450450549,
          -0.16922004033938265,
          0.9813880287593469,
          0.020017866009805093
        ],
        [
          0.0,
          0.0,
          0.0,
          1.0
        ]
      ]
    },
    {
      "file_path": "../slike\\frame_0048.jpg",
      "transform_matrix": [
        [
          0.9794850956347199,
          -0.04931036012494638,
          0.19539047012019764,
          0.010006651002867024
        ],
        [
          0.018645914154510827,
          0.9876170439057774,
          0.15577196304905572,
          -0.0402674052368583
        ],
        [
          -0.2006521301027885,
          -0.14893308219184165,
          0.9682756114423474,
          0.07275362401652194
        ],
        [
          0.0,
          0.0,
          0.0,
          1.0
        ]
      ]
    },
    {
      "file_path": "../slike\\frame_0046.jpg",
      "transform_matrix": [
        [
          0.9987238858937415,
          0.04973037535339955,
          -0.0088028127615488,
          0.0023055228967897297
        ],
        [
          -0.0471941520808708,
          0.9810516655193788,
          0.18791046163271652,
          -0.03025359245132802
        ],
        [
          0.01798087191079827,
          -0.18725522515770548,
          0.9821467145475082,
          -0.016045187697148314
        ],
        [
          0.0,
          0.0,
          0.0,
          1.0
        ]
      ]
    },
    {
      "file_path": "../slike\\frame_0045.jpg",
      "transform_matrix": [
        [
          0.9791177599425486,
          0.0858057653164142,
          -0.18429808138868456,
          0.02564349886004963
        ],
        [
          -0.04806916126649857,
          0.9785695264126892,
          0.20022746492821744,
          -0.024638284308512642
        ],
        [
          0.1975291570888235,
          -0.1871872127441125,
          0.9622594138198229,
          -0.057266204401169085
        ],
        [
          0.0,
          0.0,
          0.0,
          1.0
        ]
      ]
    },
    {
      "file_path": "../slike\\frame_0044.jpg",
      "transform_matrix": [
        [
          0.9728436494623502,
          0.08123361341731532,
          -0.216740244882998,
          0.027203547914814358
        ],
        [
          -0.04132890099441412,
          0.9823070850111144,
          0.1826601014988257,
          -0.02308977692278364
        ],
        [
          0.22774361822753605,
          -0.16874208363100643,
          0.9589885054412783,
          -0.0916059647228806
        ],
        [
          0.0,
          0.0,
          0.0,
          1.0
        ]
      ]
    },
    {
      "file_path": "../slike\\frame_0040.jpg",
      "transform_matrix": [
        [
          0.9998038433784341,
          -0.016982546914366792,
          0.010191558566425712,
          -0.04661712653206045
        ],
        [
          0.016457179426098763,
          0.9986340672544143,
          0.04958992805240991,
          -0.007596323985447586
        ],
        [
          -0.011019800862481402,
          -0.04941247635170019,
          0.998717663391283,
          -0.2573118197855972
        ],
        [
          0.0,
          0.0,
          0.0,
          1.0
        ]
      ]
    },
    {
      "file_path": "../slike\\frame_0043.jpg",
      "transform_matrix": [
        [
          0.9928298083919745,
          0.04317284029605818,
          -0.11146783136459679,
          0.0034995824604561465
        ],
        [
          -0.024427000489572984,
          0.9860980048287442,
          0.16435950389269371,
          -0.018477177073283134
        ],
        [
          0.11701407272391443,
          -0.16045818998586847,
          0.9800820761808785,
          -0.12111231754408038
        ],
        [
          0.0,
          0.0,
          0.0,
          1.0
        ]
      ]
    },
    {
      "file_path": "../slike\\frame_0039.jpg",
      "transform_matrix": [
        [
          0.9954338589282536,
          -0.04972278064568497,
          0.08148053500110773,
          -0.08176256994501656
        ],
        [
          0.04382220399431938,
          0.9963927286683437,
          0.07267148473736201,
          -0.0006936284693005376
        ],
        [
          -0.08480004089790232,
          -0.06876899985977314,
          0.9940220207430018,
          -0.2823048402304566
        ],
        [
          0.0,
          0.0,
          0.0,
          1.0
        ]
      ]
    },
    {
      "file_path": "../slike\\frame_0038.jpg",
      "transform_matrix": [
        [
          0.9939432259114892,
          -0.055437585041291794,
          0.09488697397141388,
          -0.11759552369666726
        ],
        [
          0.04509164091681133,
          0.9931382276449688,
          0.10790368255828624,
          0.0003093462242616876
        ],
        [
          -0.10021780073465783,
          -0.10297152497171051,
          0.9896227854394364,
          -0.30980781873099644
        ],
        [
          0.0,
          0.0,
          0.0,
          1.0
        ]
      ]
    },
    {
      "file_path": "../slike\\frame_0036.jpg",
      "transform_matrix": [
        [
          0.9969368514658644,
          0.027269250485560163,
          -0.07330281145552722,
          -0.07733205459247884
        ],
        [
          -0.011488753268524237,
          0.9781407181646505,
          0.20762645307541275,
          0.008163085381287474
        ],
        [
          0.07736228239693921,
          -0.20614830449532537,
          0.9754578175482724,
          -0.35501944034641664
        ],
        [
          0.0,
          0.0,
          0.0,
          1.0
        ]
      ]
    },
    {
      "file_path": "../slike\\frame_0037.jpg",
      "transform_matrix": [
        [
          0.9981102219752894,
          -0.024440606660318723,
          0.05637944248140667,
          -0.10696551662691195
        ],
        [
          0.015425300693294317,
          0.9877749503682407,
          0.15512158948238397,
          0.003374932946536867
        ],
        [
          -0.05948146675192293,
          -0.15395877425822596,
          0.9862852786805371,
          -0.33155968265861324
        ],
        [
          0.0,
          0.0,
          0.0,
          1.0
        ]
      ]
    },
    {
      "file_path": "../slike\\frame_0035.jpg",
      "transform_matrix": [
        [
          0.9758661656962868,
          0.08681828303307428,
          -0.20036919019753596,
          -0.05813771593984682
        ],
        [
          -0.038394098267697394,
          0.9714910678995284,
          0.23394657127139995,
          0.012750037094337335
        ],
        [
          0.21496771819842564,
          -0.220607549106151,
          0.9513785731295085,
          -0.381122126611374
        ],
        [
          0.0,
          0.0,
          0.0,
          1.0
        ]
      ]
    },
    {
      "file_path": "../slike\\frame_0034.jpg",
      "transform_matrix": [
        [
          0.946193992049161,
          0.14539465457751333,
          -0.28909742965020924,
          -0.034614571070452974
        ],
        [
          -0.07209054273835293,
          0.9656367455070443,
          0.24969707522166407,
          0.013841425770667909
        ],
        [
          0.315467721102749,
          -0.21542068179923957,
          0.9241612666604183,
          -0.4110292702290173
        ],
        [
          0.0,
          0.0,
          0.0,
          1.0
        ]
      ]
    },
    {
      "file_path": "../slike\\frame_0033.jpg",
      "transform_matrix": [
        [
          0.9023623663452187,
          0.19083497497179797,
          -0.38642485961874984,
          -0.00010958286918813509
        ],
        [
          -0.09574784603238301,
          0.9629838498549621,
          0.2519810605951862,
          0.013229245365394354
        ],
        [
          0.4202076983873765,
          -0.19037887815098892,
          0.8872324233085458,
          -0.4121119644466075
        ],
        [
          0.0,
          0.0,
          0.0,
          1.0
        ]
      ]
    },
    {
      "file_path": "../slike\\frame_0032.jpg",
      "transform_matrix": [
        [
          0.8161660468270081,
          0.23055986476029358,
          -0.5298255682472197,
          0.05252330593269852
        ],
        [
          -0.1084711156142241,
          0.9617767295404721,
          0.25143496095777773,
          0.01154320543290245
        ],
        [
          0.567544712850168,
          -0.14774190765029646,
          0.8099785970256694,
          -0.39950853596040453
        ],
        [
          0.0,
          0.0,
          0.0,
          1.0
        ]
      ]
    },
    {
      "file_path": "../slike\\frame_0031.jpg",
      "transform_matrix": [
        [
          0.7469624334366436,
          0.23095990722129736,
          -0.6234618226409196,
          0.0836667130514818
        ],
        [
          -0.1022411366293153,
          0.9664732844346602,
          0.23553373527973898,
          0.013952622070759937
        ],
        [
          0.6569580450950834,
          -0.11219140666918387,
          0.7455328398229257,
          -0.41123077825569304
        ],
        [
          0.0,
          0.0,
          0.0,
          1.0
        ]
      ]
    },
    {
      "file_path": "../slike\\frame_0030.jpg",
      "transform_matrix": [
        [
          0.7067459516852642,
          0.21110391045510965,
          -0.6752372166631896,
          0.11246123886363107
        ],
        [
          -0.10812913780287567,
          0.9754612373234471,
          0.19179015625786505,
          0.013179562352031368
        ],
        [
          0.6991553828259472,
          -0.06253409845812617,
          0.7122297643285715,
          -0.43656655857628085
        ],
        [
          0.0,
          0.0,
          0.0,
          1.0
        ]
      ]
    },
    {
      "file_path": "../slike\\frame_0029.jpg",
      "transform_matrix": [
        [
          0.646567757542828,
          0.17628883566282832,
          -0.7422077750378818,
          0.14019173886280434
        ],
        [
          -0.11681212968215976,
          0.9843375880151398,
          0.13203953642623567,
          0.012507355373151577
        ],
        [
          0.7538601072249128,
          0.0013263638947265677,
          0.6570336212810284,
          -0.45714824401443044
        ],
        [
          0.0,
          0.0,
          0.0,
          1.0
        ]
      ]
    },
    {
      "file_path": "../slike\\frame_0028.jpg",
      "transform_matrix": [
        [
          0.5478860745968113,
          0.1849762876396442,
          -0.81584595499025,
          0.1784593565163381
        ],
        [
          -0.12195732771424446,
          0.9824893909277469,
          0.1408581092135816,
          0.014556929887683291
        ],
        [
          0.8276154055355046,
          0.02232419596492846,
          0.5608514694594476,
          -0.4673017635798701
        ],
        [
          0.0,
          0.0,
          0.0,
          1.0
        ]
      ]
    },
    {
      "file_path": "../slike\\frame_0027.jpg",
      "transform_matrix": [
        [
          0.45589656218995034,
          0.1799432000836266,
          -0.8716528949800195,
          0.20552582662361604
        ],
        [
          -0.12529019163244817,
          0.9825721200289091,
          0.13731131352732506,
          0.01428649023680767
        ],
        [
          0.8811700701136469,
          0.04660980246213091,
          0.4704963696463045,
          -0.48188803630869875
        ],
        [
          0.0,
          0.0,
          0.0,
          1.0
        ]
      ]
    },
    {
      "file_path": "../slike\\frame_0026.jpg",
      "transform_matrix": [
        [
          0.3718832365453952,
          0.19029558802960608,
          -0.9085650486085123,
          0.23386495120674516
        ],
        [
          -0.13089847753956393,
          0.9797325632284852,
          0.15162352432115053,
          0.016104563677560697
        ],
        [
          0.9190040516528456,
          0.06254353464754522,
          0.3892555193178966,
          -0.5058116391938168
        ],
        [
          0.0,
          0.0,
          0.0,
          1.0
        ]
      ]
    },
    {
      "file_path": "../slike\\frame_0025.jpg",
      "transform_matrix": [
        [
          0.2809321924706023,
          0.2342630729314954,
          -0.9306975426497878,
          0.258913037587506
        ],
        [
          -0.13525797380253102,
          0.9697370368422463,
          0.20326180137756725,
          0.016070871702412212
        ],
        [
          0.9501486114058656,
          0.06878148033528095,
          0.30411630046150606,
          -0.5246825132032308
        ],
        [
          0.0,
          0.0,
          0.0,
          1.0
        ]
      ]
    },
    {
      "file_path": "../slike\\frame_0024.jpg",
      "transform_matrix": [
        [
          0.20302315935165421,
          0.2732027044290343,
          -0.9402881893651194,
          0.2703187038162442
        ],
        [
          -0.12961306582176046,
          0.9593352950210725,
          0.2507513607044155,
          0.01556841042154207
        ],
        [
          0.9705575974331235,
          0.07096530151766853,
          0.2301779225845728,
          -0.5169895277826785
        ],
        [
          0.0,
          0.0,
          0.0,
          1.0
        ]
      ]
    },
    {
      "file_path": "../slike\\frame_0023.jpg",
      "transform_matrix": [
        [
          0.06968927252606882,
          0.3177770854629135,
          -0.9456009355163961,
          0.27600633226844135
        ],
        [
          -0.11508957586177364,
          0.9441371422329714,
          0.30880324833802353,
          0.014484466295983142
        ],
        [
          0.9909075611896119,
          0.0873085368727145,
          0.10236906059157469,
          -0.4919760173071668
        ],
        [
          0.0,
          0.0,
          0.0,
          1.0
        ]
      ]
    },
    {
      "file_path": "../slike\\frame_0022.jpg",
      "transform_matrix": [
        [
          -0.06875237352152871,
          0.3440010469125866,
          -0.9364488191343938,
          0.28619350543487526
        ],
        [
          -0.10531917534783913,
          0.9309219150645969,
          0.34970310172561325,
          0.012865766245265475
        ],
        [
          0.99205896117076,
          0.1226689356581686,
          -0.02777318464427103,
          -0.46929382977429446
        ],
        [
          0.0,
          0.0,
          0.0,
          1.0
        ]
      ]
    },
    {
      "file_path": "../slike\\frame_0021.jpg",
      "transform_matrix": [
        [
          -0.1898393050248,
          0.35998940784697697,
          -0.9134378273892997,
          0.2951162877387492
        ],
        [
          -0.10013172116259988,
          0.9184062783151025,
          0.3827578168612862,
          0.013000943440964002
        ],
        [
          0.9766957953655359,
          0.16412657977727263,
          -0.1383032505977292,
          -0.4689484321600927
        ],
        [
          0.0,
          0.0,
          0.0,
          1.0
        ]
      ]
    },
    {
      "file_path": "../slike\\frame_0020.jpg",
      "transform_matrix": [
        [
          -0.2769971449100949,
          0.36558784705694536,
          -0.8886045846133833,
          0.29658127961567904
        ],
        [
          -0.10322558849369429,
          0.9081169254560078,
          0.40579320790330886,
          0.01527180005154298
        ],
        [
          0.9553099285529206,
          0.20413029119803638,
          -0.21380777493725178,
          -0.48056777898879904
        ],
        [
          0.0,
          0.0,
          0.0,
          1.0
        ]
      ]
    },
    {
      "file_path": "../slike\\frame_0019.jpg",
      "transform_matrix": [
        [
          -0.35741361318172554,
          0.36180542843904595,
          -0.8610182001934815,
          0.297039237938035
        ],
        [
          -0.10856732011149353,
          0.89956859861935,
          0.4230714755000946,
          0.01757201551005827
        ],
        [
          0.9276144921874562,
          0.24468994325484042,
          -0.28223781736994535,
          -0.4913817243336166
        ],
        [
          0.0,
          0.0,
          0.0,
          1.0
        ]
      ]
    },
    {
      "file_path": "../slike\\frame_0001.jpg",
      "transform_matrix": [
        [
          -0.20538076660785837,
          0.21165975991828934,
          -0.9555202178598318,
          0.6551715199045719
        ],
        [
          -0.08312350506822408,
          0.9690330604047982,
          0.2325196996980766,
          -0.04547260130978478
        ],
        [
          0.9751457448057398,
          0.12718126384748232,
          -0.18142685168798955,
          -0.12348606889651244
        ],
        [
          0.0,
          0.0,
          0.0,
          1.0
        ]
      ]
    },
    {
      "file_path": "../slike\\frame_0018.jpg",
      "transform_matrix": [
        [
          -0.42883212613065447,
          0.3506225292994078,
          -0.8325664235038239,
          0.2989617991910838
        ],
        [
          -0.11382287300893573,
          0.8932931761659056,
          0.4348237056502555,
          0.01987898445889533
        ],
        [
          0.8961848922952531,
          0.28123147647998836,
          -0.34316394836671227,
          -0.5034606233534237
        ],
        [
          0.0,
          0.0,
          0.0,
          1.0
        ]
      ]
    },
    {
      "file_path": "../slike\\frame_0017.jpg",
      "transform_matrix": [
        [
          -0.4711011049787879,
          0.3322427165304227,
          -0.8171159808743497,
          0.2980491455390334
        ],
        [
          -0.13031387011940598,
          0.8899725767141446,
          0.4369978351791785,
          0.021011502580447906
        ],
        [
          0.872400162850895,
          0.31235170883040014,
          -0.3759712300807885,
          -0.5182384660687845
        ],
        [
          0.0,
          0.0,
          0.0,
          1.0
        ]
      ]
    },
    {
      "file_path": "../slike\\frame_0016.jpg",
      "transform_matrix": [
        [
          -0.6032092797906357,
          0.29989204198952013,
          -0.7390557001510901,
          0.2995767593430726
        ],
        [
          -0.10745165430740852,
          0.8876158477542424,
          0.44787526031487673,
          0.019480175474485308
        ],
        [
          0.7903117781996313,
          0.3495752708171351,
          -0.5031942202291904,
          -0.5090311781669461
        ],
        [
          0.0,
          0.0,
          0.0,
          1.0
        ]
      ]
    },
    {
      "file_path": "../slike\\frame_0015.jpg",
      "transform_matrix": [
        [
          -0.7643313952890379,
          0.2569618371972209,
          -0.5914119819548312,
          0.3059356316079769
        ],
        [
          -0.05296051071199291,
          0.8890537577693666,
          0.4547291502656207,
          0.015239741547626882
        ],
        [
          0.6426450828261566,
          0.3788852465066402,
          -0.6659228690313654,
          -0.4770180446997293
        ],
        [
          0.0,
          0.0,
          0.0,
          1.0
        ]
      ]
    },
    {
      "file_path": "../slike\\frame_0014.jpg",
      "transform_matrix": [
        [
          -0.8187043572842279,
          0.23759282870093376,
          -0.5227550316483889,
          0.32756641852231794
        ],
        [
          -0.03318632639792804,
          0.8892818588664084,
          0.45615396877733666,
          0.011435054947030537
        ],
        [
          0.5732554780410122,
          0.39080356093694185,
          -0.7201740995446702,
          -0.44492119748940834
        ],
        [
          0.0,
          0.0,
          0.0,
          1.0
        ]
      ]
    },
    {
      "file_path": "../slike\\frame_0013.jpg",
      "transform_matrix": [
        [
          -0.8458381254112692,
          0.21026249000676672,
          -0.49025253787910716,
          0.36025207226274303
        ],
        [
          -0.048150148325197206,
          0.8851949595802007,
          0.4627217811493949,
          0.006942465409591446
        ],
        [
          0.531262109336825,
          0.4149934563700508,
          -0.7386074751537701,
          -0.4141757297695174
        ],
        [
          0.0,
          0.0,
          0.0,
          1.0
        ]
      ]
    },
    {
      "file_path": "../slike\\frame_0002.jpg",
      "transform_matrix": [
        [
          -0.2660718752570968,
          0.21744755287732245,
          -0.9391071924678437,
          0.630368120112045
        ],
        [
          -0.0691471916840091,
          0.967409738108812,
          0.24359200416773696,
          -0.04433992281444245
        ],
        [
          0.9614699283281752,
          0.12974960639594996,
          -0.24236463554056153,
          -0.12075012062174986
        ],
        [
          0.0,
          0.0,
          0.0,
          1.0
        ]
      ]
    },
    {
      "file_path": "../slike\\frame_0012.jpg",
      "transform_matrix": [
        [
          -0.8959969569567453,
          0.17439718300221407,
          -0.40838104226952726,
          0.3695815379831182
        ],
        [
          -0.042951092549774375,
          0.8813046140500451,
          0.47059258483626976,
          0.0033633199387426704
        ],
        [
          0.4419781179798768,
          0.43918993592179834,
          -0.7821557027932314,
          -0.3765880455726799
        ],
        [
          0.0,
          0.0,
          0.0,
          1.0
        ]
      ]
    },
    {
      "file_path": "../slike\\frame_0004.jpg",
      "transform_matrix": [
        [
          -0.6300979241364848,
          0.2422951153715801,
          -0.7377463541529473,
          0.5816925513957644
        ],
        [
          0.016829164715810266,
          0.9541105825351608,
          0.2989812293596112,
          -0.034978894371100924
        ],
        [
          0.7763332951856833,
          0.17597179706273675,
          -0.6052607218584816,
          -0.1294514340504659
        ],
        [
          0.0,
          0.0,
          0.0,
          1.0
        ]
      ]
    },
    {
      "file_path": "../slike\\frame_0005.jpg",
      "transform_matrix": [
        [
          -0.7224119883229979,
          0.2283128191130353,
          -0.6526822931226741,
          0.554437296449245
        ],
        [
          0.007527649370116116,
          0.9464560062039181,
          0.3227450430533201,
          -0.029944039959558924
        ],
        [
          0.6914219071031626,
          0.2282417248208295,
          -0.6854498241510019,
          -0.1540886563760993
        ],
        [
          0.0,
          0.0,
          0.0,
          1.0
        ]
      ]
    },
    {
      "file_path": "../slike\\frame_0003.jpg",
      "transform_matrix": [
        [
          -0.48391921159527357,
          0.2239458574214749,
          -0.8459730785271893,
          0.6049739495899966
        ],
        [
          -0.013137804232484507,
          0.964733811659379,
          0.2628993547750069,
          -0.04195239331766358
        ],
        [
          0.8750140540293958,
          0.13833627718326982,
          -0.46391106870403054,
          -0.11795964198441958
        ],
        [
          0.0,
          0.0,
          0.0,
          1.0
        ]
      ]
    },
    {
      "file_path": "../slike\\frame_0006.jpg",
      "transform_matrix": [
        [
          -0.8164322947613779,
          0.21336836768070927,
          -0.5365745500337682,
          0.5202164773807687
        ],
        [
          0.011616706665498591,
          0.9351090285873491,
          0.3541696723050579,
          -0.0238961600266357
        ],
        [
          0.5773243111085129,
          0.2829223291429893,
          -0.7659318478006955,
          -0.16887686898387755
        ],
        [
          0.0,
          0.0,
          0.0,
          1.0
        ]
      ]
    },
    {
      "file_path": "../slike\\frame_0007.jpg",
      "transform_matrix": [
        [
          -0.8861472299610721,
          0.1856171727350874,
          -0.4246049364034197,
          0.4722606593105687
        ],
        [
          0.009402593489005517,
          0.9232875258825908,
          0.3839944475969474,
          -0.023321182508817005
        ],
        [
          0.4633084049183652,
          0.33628322844804054,
          -0.8199139663382761,
          -0.1776647752384906
        ],
        [
          0.0,
          0.0,
          0.0,
          1.0
        ]
      ]
    },
    {
      "file_path": "../slike\\frame_0008.jpg",
      "transform_matrix": [
        [
          -0.8971584122378413,
          0.1709946408102367,
          -0.40726848167401,
          0.44806663026095156
        ],
        [
          -0.011864732806557629,
          0.9123673434933464,
          0.4092005115372207,
          -0.01729960813525603
        ],
        [
          0.44154955720315725,
          0.37194981293324003,
          -0.816509231541581,
          -0.2094148455521358
        ],
        [
          0.0,
          0.0,
          0.0,
          1.0
        ]
      ]
    },
    {
      "file_path": "../slike\\frame_0009.jpg",
      "transform_matrix": [
        [
          -0.8985430570690137,
          0.1603734891282016,
          -0.408534843774577,
          0.4317888650309213
        ],
        [
          -0.037464383339580576,
          0.8994209761513642,
          0.4354748300877011,
          -0.012186828370886886
        ],
        [
          0.4372834259082505,
          0.40659839109835866,
          -0.8021601796288382,
          -0.2538499012791932
        ],
        [
          0.0,
          0.0,
          0.0,
          1.0
        ]
      ]
    },
    {
      "file_path": "../slike\\frame_0011.jpg",
      "transform_matrix": [
        [
          -0.933024433631928,
          0.15365214744781147,
          -0.3253558418570291,
          0.37539333617178383
        ],
        [
          -0.01846945252193742,
          0.8825920252549857,
          0.46977675153187665,
          -0.0024900524387944656
        ],
        [
          0.35933867808706593,
          0.44432233180538955,
          -0.8206420534494083,
          -0.32924198593171455
        ],
        [
          0.0,
          0.0,
          0.0,
          1.0
        ]
      ]
    },
    {
      "file_path": "../slike\\frame_0010.jpg",
      "transform_matrix": [
        [
          -0.9217689256839366,
          0.15674353612136926,
          -0.35464561399748085,
          0.40199766159939077
        ],
        [
          -0.023977648479514974,
          0.889855306492993,
          0.455612341667403,
          -0.005572569642051488
        ],
        [
          0.3869975710736102,
          0.4284728665743381,
          -0.8164826284696419,
          -0.292362004623085
        ],
        [
          0.0,
          0.0,
          0.0,
          1.0
        ]
      ]
    },
    {
      "file_path": "../slike\\frame_0051.jpg",
      "transform_matrix": [
        [
          -0.5510612100166793,
          0.2307705432419636,
          -0.8019205067753055,
          0.47028923596337996
        ],
        [
          -0.09841485245404141,
          0.9363197789323949,
          0.3370753452812002,
          0.025120878424509926
        ],
        [
          0.8286410921692231,
          0.2646700359916099,
          -0.49325826137713846,
          -0.5467424752178239
        ],
        [
          0.0,
          0.0,
          0.0,
          1.0
        ]
      ]
    },
    {
      "file_path": "../slike\\frame_0055.jpg",
      "transform_matrix": [
        [
          0.09110457316915127,
          0.256699641910803,
          -0.9621877418625392,
          0.07412078142662648
        ],
        [
          -0.05114802806039742,
          0.9661367824062771,
          0.25291025465010103,
          0.035358389830493844
        ],
        [
          0.994526940798086,
          0.02617272482015677,
          0.1011491596716888,
          -0.4888115052763704
        ],
        [
          0.0,
          0.0,
          0.0,
          1.0
        ]
      ]
    },
    {
      "file_path": "../slike\\frame_0054.jpg",
      "transform_matrix": [
        [
          -0.07831158081492584,
          0.2882488504726239,
          -0.9543478907146378,
          0.4268762052964895
        ],
        [
          -0.07341241373695573,
          0.9530213651162445,
          0.293872242890144,
          0.039195995472815034
        ],
        [
          0.9942222658035683,
          0.09307458210048904,
          -0.05347156578255363,
          -0.6171599431453687
        ],
        [
          0.0,
          0.0,
          0.0,
          1.0
        ]
      ]
    },
    {
      "file_path": "../slike\\frame_0053.jpg",
      "transform_matrix": [
        [
          -0.30902882007384463,
          0.29452030778765137,
          -0.904300269083469,
          0.4284376455987863
        ],
        [
          -0.06595521938186814,
          0.9419154471344746,
          0.32931018733976714,
          0.03439458529434672
        ],
        [
          0.9487629300304988,
          0.16140966126638756,
          -0.27165386772474454,
          -0.5884958839804835
        ],
        [
          0.0,
          0.0,
          0.0,
          1.0
        ]
      ]
    },
    {
      "file_path": "../slike\\frame_0052.jpg",
      "transform_matrix": [
        [
          -0.45072283060373275,
          0.2685483525614604,
          -0.8513111724329038,
          0.4487370226291812
        ],
        [
          -0.07005922975108625,
          0.9400912294543821,
          0.3336467962226416,
          0.03470419544445764
        ],
        [
          0.8899104642036996,
          0.2100244334344791,
          -0.40490628923404326,
          -0.5676285417883671
        ],
        [
          0.0,
          0.0,
          0.0,
          1.0
        ]
      ]
    },
    {
      "file_path": "../slike\\frame_0056.jpg",
      "transform_matrix": [
        [
          0.22549142676360498,
          0.19531951543496695,
          -0.9544652447032126,
          0.4318227506758552
        ],
        [
          -0.07055510140135161,
          0.980398628896624,
          0.18395789225761633,
          0.03690353920589086
        ],
        [
          0.9716869836127059,
          0.02586146453450562,
          0.23485227384415874,
          -0.6246454152620969
        ],
        [
          0.0,
          0.0,
          0.0,
          1.0
        ]
      ]
    },
    {
      "file_path": "../slike\\frame_0049.jpg",
      "transform_matrix": [
        [
          0.9116278169535736,
          -0.08961048728678085,
          0.40112926086822365,
          0.021054452530188658
        ],
        [
          0.030429955181342058,
          0.9879805136577352,
          0.15155369497395743,
          -0.047339780835912476
        ],
        [
          -0.4098886936524637,
          -0.12595421867021167,
          0.9033973619703864,
          0.11088888302307373
        ],
        [
          0.0,
          0.0,
          0.0,
          1.0
        ]
      ]
    },
    {
      "file_path": "../slike\\frame_0057.jpg",
      "transform_matrix": [
        [
          0.31158339063700063,
          0.1687990093845203,
          -0.9351057079870463,
          0.9952782735340047
        ],
        [
          -0.07626108306864515,
          0.9853629135983047,
          0.1524604070382116,
          -0.234723346332853
        ],
        [
          0.9471536506229322,
          0.02380804351190116,
          0.3198955129034916,
          -0.6407708106233982
        ],
        [
          0.0,
          0.0,
          0.0,
          1.0
        ]
      ]
    },
    {
      "file_path": "../slike\\frame_0059.jpg",
      "transform_matrix": [
        [
          0.38794388131776936,
          0.1845007292281563,
          -0.9030276993882211,
          3.068474116626292
        ],
        [
          -0.026098401265142554,
          0.9815656295655144,
          0.18933512169446748,
          0.046618311723510886
        ],
        [
          0.9213134202862283,
          -0.049883822727751645,
          0.3856075541668733,
          2.2904904593434123
        ],
        [
          0.0,
          0.0,
          0.0,
          1.0
        ]
      ]
    },
    {
      "file_path": "../slike\\frame_0058.jpg",
      "transform_matrix": [
        [
          0.3295615973357961,
          0.1507375174984154,
          -0.9320232584972833,
          3.620045296886084
        ],
        [
          -0.04457948689792814,
          0.9885559370090313,
          0.14411741307737058,
          -0.22230367500987477
        ],
        [
          0.9430810266935691,
          -0.005946446216937087,
          0.3325098748428278,
          1.6554991485071913
        ],
        [
          0.0,
          0.0,
          0.0,
          1.0
        ]
      ]
    },
    {
      "file_path": "../slike\\frame_0060.jpg",
      "transform_matrix": [
        [
          0.5115911372339248,
          0.18741825789124383,
          -0.8385397455772212,
          -0.3671818177314027
        ],
        [
          -0.03376991223379347,
          0.9795528590818361,
          0.19833252202380325,
          0.08846452274057837
        ],
        [
          0.8585651409948005,
          -0.0731477468799397,
          0.5074596592784169,
          2.2510587258701222
        ],
        [
          0.0,
          0.0,
          0.0,
          1.0
        ]
      ]
    },
    {
      "file_path": "../slike\\frame_0061.jpg",
      "transform_matrix": [
        [
          0.5631590420504158,
          0.20163770014234828,
          -0.80137015868958,
          -3.5883359975207205
        ],
        [
          -0.03475348070748574,
          0.9746938571251745,
          0.2208259053217358,
          0.19313088243465892
        ],
        [
          0.8256173986390866,
          -0.09650970295133149,
          0.5559152707928372,
          3.1462671624688987
        ],
        [
          0.0,
          0.0,
          0.0,
          1.0
        ]
      ]
    },
    {
      "file_path": "../slike\\frame_0062.jpg",
      "transform_matrix": [
        [
          0.6078626689653225,
          0.21255265990547512,
          -0.7650649269476821,
          -6.8746127799390955
        ],
        [
          -0.03211736997617977,
          0.9692996749290189,
          0.2437757468008487,
          0.245404700620258
        ],
        [
          0.7933923683929458,
          -0.12361030276480092,
          0.5960277198471782,
          6.138351507820976
        ],
        [
          0.0,
          0.0,
          0.0,
          1.0
        ]
      ]
    },
    {
      "file_path": "../slike\\frame_0063.jpg",
      "transform_matrix": [
        [
          0.691077763741203,
          0.20128296425269293,
          -0.6941877935862221,
          -9.624990684171781
        ],
        [
          -0.02857582740727997,
          0.9672987390439785,
          0.2520249422813517,
          0.08454924028362232
        ],
        [
          0.7222153048436785,
          -0.15433184294104194,
          0.6742304766947088,
          8.135756331376054
        ],
        [
          0.0,
          0.0,
          0.0,
          1.0
        ]
      ]
    },
    {
      "file_path": "../slike\\frame_0064.jpg",
      "transform_matrix": [
        [
          0.8503985457578849,
          0.17131117484789382,
          -0.49746838567401364,
          -13.430272361915119
        ],
        [
          -0.04594812430565219,
          0.9660760180610136,
          0.2541375556665496,
          0.2198685465419019
        ],
        [
          0.5241288803774002,
          -0.19326046853821557,
          0.8294210680075123,
          9.676432578821352
        ],
        [
          0.0,
          0.0,
          0.0,
          1.0
        ]
      ]
    },
    {
      "file_path": "../slike\\frame_0065.jpg",
      "transform_matrix": [
        [
          0.9239255307202189,
          0.1351465306535442,
          -0.35790645277177185,
          -15.400610728913591
        ],
        [
          -0.043961374716146515,
          0.9668338685848545,
          0.2515942528960286,
          -0.0898079379600798
        ],
        [
          0.3800381707360834,
          -0.21672029394949352,
          0.8992237224261918,
          11.587368957384827
        ],
        [
          0.0,
          0.0,
          0.0,
          1.0
        ]
      ]
    },
    {
      "file_path": "../slike\\frame_0066.jpg",
      "transform_matrix": [
        [
          0.9271127506167648,
          0.10560723790023063,
          -0.3595956881650565,
          -16.624100636443018
        ],
        [
          -0.02023587034487414,
          0.9721841668103857,
          0.23334192798248135,
          -0.3118841944323858
        ],
        [
          0.37423583098789714,
          -0.20905754496377346,
          0.9034613913712738,
          15.267353460757029
        ],
        [
          0.0,
          0.0,
          0.0,
          1.0
        ]
      ]
    },
    {
      "file_path": "../slike\\frame_0067.jpg",
      "transform_matrix": [
        [
          0.9263694856917069,
          0.09666862212572835,
          -0.3639982877371754,
          -18.134240861965882
        ],
        [
          -0.014728633780504582,
          0.9750568581542335,
          0.221466003516013,
          -0.5583742286326663
        ],
        [
          0.3763278402221156,
          -0.19979815029851514,
          0.9046867169418648,
          17.99688289404607
        ],
        [
          0.0,
